  4  13  17.0  42  25   0.0
  4  14  20.0  21  25   2.4
  4  15   8.5  40  17   0.0
  4  16   6.5  25   6   0.0
  4  17  13.0  34  24   0.0
  4  18   6.0  40  22   0.4
  4  19   5.5  52   6   0.0
  4  20   8.5  46  16   0.0
  4  21   9.5  54  20   0.0
  4  22   7.0  93  14   9.0
  4  23   6.5  71  17   1.0
  4  24   6.0  59  17   0.0
  4  25  13.0  52   4   0.0
  4  26  15.5  40  11   0.0
  4  27  23.0  25   9   0.0
  4  28  19.0  46  16   0.0
  4  29  18.0  41  20   0.0
  4  30  14.5  51  16   0.0
  5   1  14.5  69  11   0.0
  5   2  15.5  42   8   0.0
  5   3  21.0  37   8   0.0
  5   4  23.0  32  16   0.0
  5   5  23.0  32  14   0.0
  5   6  27.0  33  12   0.0
  5   7  28.0  17  27   0.0
  5   8  23.5  54  20   0.0
  5   9  16.0  50  22  12.2
  5  10  11.5  58  20   0.0
  5  11  16.0  54  16   0.0
  5  12  21.5  37   9   0.0
  5  13  14.0  61  22   0.2
  5  14  15.0  30  27   0.0
  5  15  20.0  23  11   0.0
  5  16  14.0  95   3  16.4
  5  17  20.0  53   4   2.8
  5  18  19.5  30  16   0.0
  5  19  25.5  51  20   6.0
  5  20  10.0  38  24   0.0
  5  21  19.0  27  16   0.0
  5  22  26.0  46  11   4.2
  5  23  30.0  38  22   0.0
  5  24  25.5  67  19  12.6
  5  25  12.0  53  28  11.8
  5  26  21.0  38   8   0.0
  5  27  13.0  70  20   3.8
  5  28   9.0  78  24   1.4
  5  29  11.0  54  16   0.0
  5  30  15.5  39   9   0.0
  5  31  18.0  36   5   0.0
