85.93645886301715 8.208781889980083 19.554000000000002 8.459115529064777 8.186130615618993 8.021846390243605
86.8657406560183 9.605190209980083 22.038000000000004 6.44549030733995 9.564735984540015 6.752335046809281
88.78794812989642 10.987052609980083 24.162000000000003 4.8748232270116665 10.926275586789174 5.5432703835613815
89.09235332931324 13.243124801980082 27.456000000000003 12.613969287519605 13.153519882737609 13.825693777891757
88.65316716398738 14.275885121980082 29.490000000000002 10.707835897024585 14.18403395625176 12.583077461393716
87.35255194539735 15.043909697980082 31.434 3.9686658864452946 14.957153279793165 5.40760123498654
87.40103536614323 16.30067718598008 33.918 6.614418095045683 16.211243747191993 9.034973824707668
86.8105363176445 17.48277561798008 36.582 7.438794023560898 17.39541493530186 10.344119332873486
29.85877179960904 8.995803789856009 25.64118902558169 0.006712376674505006 9.584864238431093 0.003957969160521262
49.44400849358919 9.53012391785601 27.765189025581687 0.3607678913977346 10.257923379983792 0.22066139282283104
67.28133170668681 10.23584346985601 29.799189025581686 1.349960650055259 11.013773436475377 0.8585941912367415
77.80133211097919 11.87662324585601 33.09318902558169 1.1336156611695107 12.52008986140969 0.7750058971170213
85.4794291452267 14.29124596585601 36.83718902558169 3.9194823275885335 14.509670613079805 5.245802024079982
91.51857509460467 18.67320436585601 41.93118902558169 8.379656922602347 18.620005398584397 11.800545538516767
89.93222424835326 21.304561293856008 46.30518902558169 9.508304737459198 21.233984670625574 13.92307574411287
89.98155934880097 24.036527501856007 50.49918902558169 11.714109294706732 23.947127554815953 17.305854168520888
88.43267499020358 25.889677709856006 54.06318902558169 7.667502275416972 25.795834880598203 12.984116847913308
85.704355358319 27.162832085856007 59.07718902558169 4.044267039869622 27.089381932947365 7.817044248754383
87.38526611803317 29.69755713385601 64.27118902558169 4.41002436832138 29.619899323562215 8.883104561368484
89.38615200153652 33.36300965185601 70.45518902558169 5.875169013406122 33.26928866805735 12.030762753850793
90.98440465786416 37.67741285985601 76.99918902558169 11.051393083625234 37.56113261025103 20.69061338609392
91.20530215039133 41.991816067856014 83.54318902558168 10.311215672365575 41.854703999126286 20.779872290990603
91.65788631791293 46.94832504985602 90.80718902558168 9.941747110376754 46.78684207326001 21.41494434855465
95.16574507745261 53.30698874785602 98.25118902558168 34.52177862465443 53.102985608342436 52.049764662366194
89.70121375623052 56.286106803856015 104.88518902558168 11.2527402007093 56.083272016808074 25.600232129024782
62.2306851419374 29.378593335660884 88.1282343732261 1.4087395086400745 32.04812727755699 2.947355701364923
76.69512380085784 30.771797007660886 92.60223437322611 2.333497170339996 33.6165650031712 5.346622405214417
83.45056110553608 32.84264736366089 97.88623437322612 3.8328800217072563 35.72189703736132 8.783802909361796
88.67052886214704 36.59102867166089 104.16023437322612 5.575589029813809 38.96312475899697 12.584006037234786
86.67498028078053 38.141402145660884 109.08423437322611 8.070806450537326 40.703107521395026 17.120299830902
89.63224193689639 41.10840996566088 114.18823437322611 15.854452914856578 43.27168858602966 28.543731535779628
92.12678412475691 45.385692667660884 120.19223437322611 10.101809924813594 46.692547419709165 21.638803265889486
21.333308916597293 19.838793720343514 93.5816968845464 0.00025104543514339184 25.933301873176845 0.0002690545940030091
51.037732692786285 18.02637889818854 99.58569688454641 0.22698317438432142 24.820589018226833 0.2363691967621083
82.26512037339467 21.82267461818854 105.49969688454641 3.297351050772952 28.768431575059484 6.734595417193557
75.35870999000437 16.244630927643218 103.09768859444522 2.141484711555776 23.30794594298884 3.7749613914706144
84.32332437100702 18.056427539643217 107.30168859444521 6.44040430538865 25.41918287858806 11.203188246408821
90.30739730376074 21.919329557643216 113.12568859444521 10.03302529425093 29.53287279156687 17.094967333588826
77.5781637114086 18.57693005310248 114.4631479522431 1.5842860376679704 26.430100261952813 2.9046172879715852
90.21521564008368 23.653225065102482 122.2671479522431 13.397014675471793 31.885435620805843 21.91628345063213
65.31666110115003 13.099657187070687 105.43213536671666 1.3910698348962827 19.990042738822414 1.849969287879062
55.41619697588361 7.7208077464302445 88.73162519280709 1.1877129743727164 12.682712352050176 0.8180188473258879
80.84396852750632 11.328078478430244 94.91562519280708 1.8641545067800422 17.44966096538528 2.5380996631862787
61.74128743989012 8.391347677497421 94.98518537465655 1.2412288658663735 13.746624405517872 0.8957264591139569
64.48203408048015 8.97632472949742 99.00918537465655 1.7303566121041463 14.635465123545208 1.9374027347453062
77.63396231226196 10.441663285497421 103.39318537465655 2.0473338691922724 16.673652104071216 2.771767413067441
85.43024711542763 13.107494801497422 108.58718537465656 3.5195958117359867 20.13790358210044 5.749530641393573
88.45921892142326 16.325658385497423 114.23118537465656 4.42163629585734 24.056181418668647 7.895635174309798
